Running: ./bin/tsp_constructive_heuristic ./tsp_input/EUC_2D/ 1
./bin/tsp_constructive_heuristic ./tsp_input/EUC_2D/ 1
Results for ./tsp_input/EUC_2D/st70.tsp:
GRASP Iteration 1:
6 42 43 68 41 32 2 18 4 3 28 7 15 63 13 47 29 22 57 24 38 53 5 58 50 65 56 67 62 33 48 12 21 34 9 45 61 27 40 17 60 10 52 51 64 54 39 25 46 14 44 8 49 26 20 30 19 55 66 59 31 70 69 35 16 1 23 36 37 11 Initial Path Cost: 1398.69
Final Path Cost: 839.633
GRASP Iteration 2:
6 41 42 44 14 20 8 19 3 4 32 7 26 2 24 63 23 22 69 13 36 37 58 52 12 21 17 43 34 40 27 46 39 45 9 68 61 62 48 51 33 54 56 67 65 11 60 50 10 53 5 38 59 16 47 66 31 1 70 35 29 15 57 18 30 49 55 28 25 64 Initial Path Cost: 1430.24
Final Path Cost: 802.499
GRASP Iteration 3:
6 43 9 44 42 3 14 49 28 20 30 32 18 4 7 19 15 63 69 70 35 59 66 23 29 1 38 31 13 22 16 50 58 37 53 52 5 60 12 10 34 21 17 41 2 8 26 55 57 24 36 47 65 64 51 56 33 62 54 67 11 48 39 45 40 61 27 46 25 68 Initial Path Cost: 1239.15
Final Path Cost: 768.229
GRASP Iteration 4:
6 18 41 17 9 40 27 25 39 45 61 62 12 34 21 52 51 11 54 33 60 50 37 47 13 70 63 31 36 16 1 59 35 22 69 66 23 38 53 58 5 10 42 32 28 26 7 2 4 19 8 55 49 3 14 30 68 44 43 46 20 24 15 57 29 65 56 67 48 64 Initial Path Cost: 1285.32
Final Path Cost: 864.415
GRASP Iteration 5:
6 4 2 24 63 66 38 57 22 59 13 47 23 36 69 1 70 31 29 37 58 53 52 5 10 51 67 48 60 56 64 65 11 33 21 17 34 54 62 12 41 42 3 44 43 68 9 61 40 39 27 25 46 30 28 26 49 55 7 19 32 14 20 8 18 15 35 16 50 45 Initial Path Cost: 1312.35
Final Path Cost: 783.347
GRASP Iteration 6:
6 18 32 19 57 59 38 63 66 23 16 58 37 5 52 10 51 56 60 54 65 64 50 1 70 69 29 22 4 3 30 14 20 68 44 9 39 40 46 45 27 25 61 12 34 17 43 41 42 8 55 28 26 7 2 24 15 31 35 13 36 47 53 21 62 33 67 11 48 49 Initial Path Cost: 1282.7
Final Path Cost: 952.328
GRASP Iteration 7:
6 4 7 42 18 2 3 32 44 20 28 30 27 39 25 46 9 21 34 54 60 67 65 33 56 12 52 53 5 58 50 10 37 23 13 1 38 63 59 66 22 31 35 36 47 16 51 64 48 62 61 45 40 41 68 17 43 8 14 26 19 55 49 57 24 15 70 69 29 11 Initial Path Cost: 1353.85
Final Path Cost: 811.269
GRASP Iteration 8:
6 17 68 27 39 62 34 33 21 54 51 10 50 58 47 23 59 57 15 24 42 18 41 4 7 28 8 2 32 19 49 20 44 9 45 40 25 61 46 14 26 55 3 30 43 52 60 12 65 64 67 56 48 11 37 16 36 1 13 69 31 29 70 38 22 63 66 53 5 35 Initial Path Cost: 1269.51
Final Path Cost: 825.364
GRASP Iteration 9:
6 4 42 3 14 68 30 27 46 44 28 7 24 57 59 23 70 13 16 38 35 1 37 58 52 60 10 51 5 53 22 66 63 2 41 32 19 26 18 17 34 33 62 67 54 12 21 9 45 40 39 25 61 43 8 55 49 20 15 69 31 29 36 47 50 56 11 65 48 64 Initial Path Cost: 1369.55
Final Path Cost: 946.695
GRASP Iteration 10:
6 53 5 50 58 47 29 38 70 69 66 31 22 59 57 63 13 35 36 1 37 16 23 52 10 60 34 17 21 12 43 42 18 41 9 44 14 26 4 7 32 3 20 30 8 28 2 19 24 15 55 49 68 61 46 39 25 40 27 45 62 54 67 56 51 65 11 48 33 64 Initial Path Cost: 1265.82
Final Path Cost: 877.083

Best Solution Found:
Path Cost: 768.229

Results for ./tsp_input/EUC_2D/pr144.tsp:
GRASP Iteration 1:
61 68 64 70 43 71 69 63 65 66 62 67 41 18 7 8 9 16 19 21 39 40 23 35 6 30 2 27 25 38 22 20 15 10 17 42 14 11 13 12 24 34 32 33 29 36 4 28 37 59 48 58 46 60 47 50 52 56 53 51 54 57 55 49 113 114 112 110 80 106 109 104 81 86 83 108 84 107 88 101 102 100 97 89 99 74 91 93 78 90 98 92 75 76 77 73 45 44 72 96 95 94 117 124 123 129 126 133 136 144 139 141 143 135 115 137 131 132 128 127 116 121 119 120 130 122 118 125 134 138 140 142 111 85 82 79 105 103 87 26 5 3 1 31 Initial Path Cost: 170895
Final Path Cost: 97960.9
GRASP Iteration 2:
61 70 72 69 64 67 62 68 66 65 63 37 36 38 22 25 35 30 34 29 33 24 3 23 26 2 28 27 5 4 6 1 54 50 57 51 53 49 52 58 48 59 60 46 47 81 107 85 87 101 102 100 90 73 75 99 94 92 93 77 74 78 91 76 95 97 96 89 98 123 118 125 130 124 127 122 119 117 116 120 128 115 135 138 141 133 139 140 142 143 131 132 136 137 111 108 86 105 84 83 106 88 110 113 109 112 114 55 56 79 80 82 103 134 144 126 121 129 104 40 39 7 9 18 17 19 10 41 11 16 13 20 42 8 21 14 12 15 43 45 71 44 32 31 Initial Path Cost: 183284
Final Path Cost: 86738.2
GRASP Iteration 3:
61 67 69 68 62 64 65 70 44 45 43 72 71 42 18 19 16 8 20 41 17 21 12 15 13 9 40 22 5 28 25 6 38 23 24 26 29 36 1 34 27 37 39 14 11 10 7 66 63 75 96 99 92 93 73 95 76 78 98 94 89 74 77 90 91 97 128 115 130 123 124 129 131 139 144 138 143 142 137 136 134 135 133 127 120 126 117 119 122 125 121 102 103 88 80 107 82 86 81 110 84 106 87 79 85 83 111 113 114 112 140 132 104 109 105 108 100 101 118 116 59 48 46 60 47 54 49 50 55 53 51 58 56 52 57 33 32 30 35 31 3 4 2 141 Initial Path Cost: 182809
Final Path Cost: 91236.5
GRASP Iteration 4:
61 63 65 62 66 70 71 43 69 64 68 67 59 58 50 57 54 51 49 56 52 55 60 47 46 48 27 29 5 3 35 4 23 39 22 30 34 31 26 24 36 38 25 40 37 6 1 28 32 33 2 8 42 17 9 11 13 19 12 16 18 20 41 15 14 10 7 21 72 44 45 97 78 93 99 76 91 73 74 98 95 96 92 75 90 94 77 89 103 88 87 105 110 79 84 104 86 107 108 82 106 109 83 81 85 111 113 112 114 80 100 102 101 133 131 132 115 134 129 128 126 122 125 130 124 127 123 121 117 120 119 118 116 135 138 140 139 141 137 142 143 136 144 53 Initial Path Cost: 146822
Final Path Cost: 88581.3
GRASP Iteration 5:
61 65 70 67 68 69 71 43 44 72 45 19 21 37 40 42 41 8 7 9 11 15 13 12 18 17 38 22 1 6 4 36 5 30 29 31 26 25 35 2 32 34 27 28 24 47 58 53 55 51 49 54 56 52 50 57 82 104 107 105 108 84 79 106 88 103 101 87 85 81 109 111 110 86 112 114 113 137 143 136 133 139 138 141 132 127 124 119 126 125 134 140 135 131 115 102 100 74 76 93 98 90 94 96 97 99 91 89 95 117 121 129 123 116 128 130 118 120 92 78 73 75 77 62 66 63 64 59 46 48 60 83 80 144 142 122 16 10 14 20 23 3 33 39 Initial Path Cost: 178074
Final Path Cost: 96267.1
GRASP Iteration 6:
61 70 66 64 68 69 44 67 62 65 63 38 22 36 26 6 1 29 28 25 30 24 35 2 33 31 32 34 50 52 55 58 57 46 47 59 48 60 56 54 49 51 53 86 81 88 110 107 82 109 108 104 85 79 105 83 87 80 84 111 113 114 112 132 131 141 137 134 135 138 142 115 133 100 99 95 92 91 89 96 93 74 90 73 75 76 77 97 94 78 101 102 103 127 117 118 121 128 129 123 126 120 116 124 125 122 119 130 143 140 136 144 139 106 98 45 43 71 72 21 41 19 15 20 11 9 8 12 7 10 42 16 18 17 40 37 39 23 27 5 3 4 13 14 Initial Path Cost: 151227
Final Path Cost: 91344.4
GRASP Iteration 7:
61 67 62 70 44 71 45 69 68 65 66 64 63 87 108 109 105 104 82 110 107 88 106 80 85 112 86 111 113 114 139 138 142 137 136 135 141 131 140 134 130 127 120 121 122 125 117 128 133 132 115 126 124 116 119 123 118 92 98 94 99 97 75 78 76 89 90 77 96 74 93 73 91 72 43 41 19 13 9 42 12 8 7 40 18 20 14 11 10 16 39 24 3 30 28 2 27 35 4 26 37 23 29 34 25 38 46 59 60 47 48 58 51 52 53 49 56 50 55 57 54 83 81 79 84 103 101 102 100 129 143 144 95 17 21 15 22 36 6 1 5 33 32 31 Initial Path Cost: 175450
Final Path Cost: 91535.6
GRASP Iteration 8:
61 64 70 45 68 69 44 67 65 62 66 63 76 74 96 98 99 95 73 92 78 93 94 89 75 91 71 72 43 77 97 100 87 101 103 102 109 85 108 88 84 105 80 104 82 110 114 111 83 107 106 112 86 79 81 59 47 58 55 52 51 54 50 57 48 60 46 39 23 40 41 8 21 13 10 18 14 12 11 7 17 42 15 16 9 19 38 37 5 3 6 24 29 31 2 27 28 34 25 26 30 4 33 36 22 20 1 35 32 56 49 53 113 144 141 136 143 142 135 140 137 138 139 115 132 134 133 131 126 124 129 125 127 128 130 123 122 121 117 116 119 118 120 90 Initial Path Cost: 160219
Final Path Cost: 85106
GRASP Iteration 9:
61 66 63 70 65 68 62 69 72 45 43 71 44 92 76 90 91 77 97 74 98 95 75 89 99 101 103 100 88 80 81 84 83 109 79 110 108 107 82 106 105 86 87 102 134 140 141 144 137 138 143 132 130 125 129 128 127 133 142 139 115 136 135 112 114 113 85 104 57 51 53 50 56 60 47 59 58 48 46 55 54 52 49 25 27 30 34 35 37 26 23 24 38 39 22 29 1 2 3 6 5 4 33 32 28 31 36 40 15 16 41 10 13 42 12 20 17 11 7 14 8 9 19 18 21 64 67 78 93 96 94 73 118 116 120 119 121 123 124 126 122 117 131 111 Initial Path Cost: 164913
Final Path Cost: 85543
GRASP Iteration 10:
61 68 70 65 64 69 72 67 66 62 63 77 93 73 89 99 100 102 88 87 84 104 83 86 79 106 80 107 105 108 109 111 112 85 81 82 57 54 58 47 48 60 46 59 38 35 2 27 36 39 40 7 14 10 17 12 16 19 20 18 9 21 37 28 6 29 30 31 26 34 33 24 3 4 5 25 23 22 15 41 11 13 42 71 45 44 43 96 78 74 91 98 94 97 92 95 101 90 75 76 116 128 120 118 127 117 129 133 132 135 140 134 126 131 137 139 144 142 141 143 138 115 121 122 119 130 124 123 125 103 110 136 113 114 49 50 56 51 52 55 53 32 1 8 Initial Path Cost: 182820
Final Path Cost: 98212.3

Best Solution Found:
Path Cost: 85106

Results for ./tsp_input/EUC_2D/pr107.tsp:
GRASP Iteration 1:
29 32 36 48 35 24 27 33 44 42 47 43 53 40 25 28 39 37 50 41 38 21 23 12 16 9 11 10 20 15 4 2 13 22 34 30 31 26 18 14 5 8 3 7 19 17 6 1 54 45 51 52 49 46 59 86 84 89 58 97 96 56 57 103 101 106 55 105 107 104 102 99 98 92 87 88 90 85 80 83 78 76 79 82 81 60 77 71 67 63 70 65 69 61 62 64 73 68 74 75 72 66 93 91 94 95 100 Initial Path Cost: 111195
Final Path Cost: 58960.6
GRASP Iteration 2:
29 42 34 20 8 15 26 13 18 22 30 25 24 31 21 12 3 19 14 9 7 16 32 36 28 17 27 40 39 33 35 41 47 51 54 44 50 45 49 46 48 53 43 52 37 38 23 10 5 4 2 1 6 11 81 78 61 74 76 72 65 66 75 73 63 67 68 71 69 77 79 83 88 85 86 87 82 84 60 80 70 62 64 59 91 93 90 92 58 94 97 95 98 96 57 101 103 102 100 56 99 106 107 55 104 105 89 Initial Path Cost: 102228
Final Path Cost: 57437
GRASP Iteration 3:
29 33 34 40 31 25 35 42 41 50 51 37 49 39 38 53 46 36 20 18 21 22 24 32 30 14 16 4 17 27 26 15 9 3 19 28 10 2 6 13 12 11 8 7 5 1 23 45 52 54 48 44 43 47 94 58 89 88 87 86 85 59 60 79 77 81 61 70 72 62 71 65 69 80 75 76 74 63 68 64 73 67 66 78 83 82 84 92 93 91 90 57 96 97 95 98 103 100 99 102 101 56 104 106 107 105 55 Initial Path Cost: 100068
Final Path Cost: 57476
GRASP Iteration 4:
29 25 23 26 17 12 11 21 35 33 45 51 41 28 20 16 2 3 18 4 22 30 36 27 34 43 31 42 39 46 44 53 37 38 32 24 7 5 9 1 14 10 6 19 8 13 15 40 47 48 49 50 54 52 58 86 84 87 90 91 59 83 61 60 82 74 78 72 73 71 65 69 67 62 70 77 75 66 64 63 68 76 80 85 79 81 88 89 92 93 95 94 97 98 100 103 102 101 99 56 104 106 105 107 55 57 96 Initial Path Cost: 103199
Final Path Cost: 64218.5
GRASP Iteration 5:
29 18 14 27 36 25 26 32 23 16 19 8 10 2 4 11 24 20 15 17 5 9 7 6 12 30 22 34 39 53 44 48 42 54 38 47 46 43 35 40 28 13 21 31 33 37 41 45 51 52 49 50 3 1 73 77 76 79 81 85 84 88 82 61 80 75 78 83 74 70 66 65 68 71 67 62 72 63 69 64 59 86 89 58 91 92 93 90 98 97 95 96 94 57 103 101 102 107 55 99 104 56 106 105 100 87 60 Initial Path Cost: 105500
Final Path Cost: 57578.1
GRASP Iteration 6:
29 41 48 39 25 14 6 2 15 1 9 21 12 11 22 28 20 18 27 32 24 31 34 40 42 54 50 49 38 44 53 46 47 35 30 17 10 19 36 37 45 43 52 51 33 26 13 3 16 5 8 23 7 4 63 67 64 62 72 77 75 80 61 82 60 74 79 81 88 59 85 87 89 91 90 95 99 57 98 96 92 58 86 84 93 97 94 103 106 102 107 101 104 105 100 56 55 83 78 76 73 71 69 70 66 68 65 Initial Path Cost: 114813
Final Path Cost: 59707.6
GRASP Iteration 7:
29 35 44 41 27 21 30 26 18 16 8 7 24 31 40 25 13 6 10 3 20 17 11 1 14 2 9 12 5 22 23 36 39 48 38 53 47 49 42 32 19 33 45 37 28 34 50 54 43 46 52 51 15 4 79 86 88 84 59 89 92 90 85 83 80 82 60 61 76 81 87 91 93 58 94 100 104 107 55 105 102 97 101 98 99 96 57 103 56 95 106 75 77 78 74 73 62 70 71 72 69 67 66 63 64 65 68 Initial Path Cost: 115702
Final Path Cost: 60180.5
GRASP Iteration 8:
29 31 35 37 38 39 40 25 27 18 19 17 6 20 26 24 36 28 30 22 13 4 7 12 8 10 23 9 5 11 21 14 2 3 15 1 16 41 43 33 46 34 32 47 42 54 44 45 53 48 49 51 52 50 57 98 102 103 55 105 101 104 56 97 93 95 100 99 94 89 90 88 84 59 81 87 85 80 79 75 78 77 74 73 64 66 70 61 71 65 63 76 67 62 69 72 83 86 92 58 96 106 107 91 60 82 68 Initial Path Cost: 112535
Final Path Cost: 55499.9
GRASP Iteration 9:
29 37 53 50 38 49 41 54 42 51 44 45 31 23 12 20 30 25 24 21 35 34 19 27 32 43 39 28 15 17 5 18 4 8 22 36 26 7 3 11 10 13 2 14 6 16 1 9 40 52 33 48 47 46 56 101 100 96 93 91 98 92 95 90 85 82 74 83 78 60 79 81 76 75 73 77 62 63 65 70 68 66 67 72 61 80 71 64 69 88 84 87 59 86 58 94 57 97 102 103 99 104 107 55 106 105 89 Initial Path Cost: 123388
Final Path Cost: 55007.1
GRASP Iteration 10:
29 15 6 14 26 19 21 11 9 20 7 17 16 22 8 18 27 40 44 38 36 41 47 42 39 49 51 52 37 34 30 35 48 45 54 50 53 43 31 32 24 28 23 33 46 25 4 2 12 13 3 1 5 10 76 80 87 83 78 60 88 84 89 90 95 58 97 92 86 81 61 79 85 93 96 91 57 98 102 107 103 100 55 99 104 56 94 101 105 106 59 82 74 77 75 71 69 72 73 70 62 63 66 64 67 68 65 Initial Path Cost: 111670
Final Path Cost: 60286.5

Best Solution Found:
Path Cost: 55007.1

Results for ./tsp_input/EUC_2D/kroB100.tsp:
GRASP Iteration 1:
34 74 60 58 52 89 84 94 66 7 25 9 20 46 27 21 71 98 76 97 32 35 12 90 10 5 40 62 67 69 100 75 47 72 54 37 79 38 1 3 85 53 26 80 49 30 68 93 95 28 99 91 11 59 8 29 57 43 77 19 24 22 23 55 18 96 92 13 36 63 14 16 41 31 15 48 82 33 51 2 64 83 4 87 61 50 6 78 17 45 42 44 88 65 56 81 86 39 70 73 Initial Path Cost: 58211.3
Final Path Cost: 30697.1
GRASP Iteration 2:
34 9 25 20 65 80 47 75 38 10 21 32 99 76 8 1 46 84 94 35 27 95 28 85 73 68 98 71 29 91 97 59 3 11 93 5 26 40 86 56 49 30 100 81 37 58 60 52 89 64 42 16 17 44 18 36 77 55 24 41 45 2 78 31 48 15 6 4 33 14 63 92 13 83 66 7 54 22 88 23 50 87 57 61 90 12 39 70 69 53 62 79 72 43 74 82 96 19 51 67 Initial Path Cost: 59672.5
Final Path Cost: 31413.8
GRASP Iteration 3:
34 7 57 9 90 10 26 56 47 65 69 62 68 93 53 86 100 30 72 37 27 35 61 94 66 84 52 58 74 87 4 15 33 51 14 2 48 42 6 89 50 23 22 88 54 60 43 77 19 17 96 45 13 63 64 78 16 41 44 24 18 55 36 92 31 83 82 12 25 71 21 49 38 75 80 20 81 79 40 5 39 70 67 85 73 11 3 95 98 1 29 97 91 28 76 99 8 59 32 46 Initial Path Cost: 48152.3
Final Path Cost: 29102.5
GRASP Iteration 4:
34 74 43 89 83 42 13 92 45 78 2 33 87 4 82 64 15 31 14 77 24 55 16 36 63 18 44 19 41 17 48 96 23 22 54 58 7 52 50 84 72 20 9 21 38 1 12 76 93 11 99 95 85 3 10 86 30 49 69 39 26 68 80 100 56 37 88 47 75 40 62 70 73 59 90 25 61 94 71 29 98 27 35 46 79 81 65 67 53 28 91 8 97 32 57 60 66 6 51 5 Initial Path Cost: 60272.8
Final Path Cost: 32031.5
GRASP Iteration 5:
34 7 74 60 43 89 83 15 48 78 24 16 19 36 2 96 77 23 88 55 50 22 54 52 57 94 58 84 25 9 98 91 73 40 39 49 62 80 20 86 37 47 26 100 69 38 65 72 21 71 46 90 3 1 95 59 97 99 28 12 32 93 76 8 29 27 61 35 66 6 82 64 14 31 42 13 41 63 45 44 17 92 18 4 33 87 30 75 79 81 56 70 5 53 68 67 85 11 10 51 Initial Path Cost: 56377.1
Final Path Cost: 29208.2
GRASP Iteration 6:
34 25 61 9 12 46 10 11 73 1 98 32 99 97 91 29 85 21 3 59 90 20 69 30 26 38 68 80 37 54 72 84 57 58 7 43 60 89 66 94 71 8 95 53 93 86 75 49 81 100 47 56 5 67 70 62 39 40 28 76 27 35 74 87 14 33 83 6 4 42 82 16 50 77 18 92 17 2 31 13 45 19 44 78 41 96 24 55 23 88 22 65 79 52 64 15 48 63 51 36 Initial Path Cost: 54005.7
Final Path Cost: 31020.4
GRASP Iteration 7:
34 25 21 46 95 3 10 39 70 30 100 75 37 72 52 43 58 7 94 57 27 90 12 99 98 76 8 97 93 73 28 1 11 59 71 61 35 29 85 68 86 80 56 65 47 26 79 38 49 62 40 5 53 69 20 81 67 32 91 9 60 89 87 6 33 83 4 64 14 82 31 63 48 42 13 2 78 41 17 18 24 45 92 96 44 19 36 77 50 16 55 88 22 23 54 84 74 66 15 51 Initial Path Cost: 50052.2
Final Path Cost: 30842.8
GRASP Iteration 8:
34 12 29 97 95 71 21 30 72 20 25 9 94 27 74 60 83 43 50 78 64 13 77 16 14 18 42 2 24 36 17 45 41 96 92 44 19 63 48 82 6 4 89 7 84 52 57 58 37 80 47 65 79 81 56 100 38 62 26 86 1 32 93 91 28 8 59 90 75 10 11 3 73 39 5 69 70 68 49 85 76 98 61 35 46 99 40 67 53 22 23 88 54 55 87 66 15 33 51 31 Initial Path Cost: 53554
Final Path Cost: 28581.3
GRASP Iteration 9:
34 72 84 60 43 50 54 52 37 86 68 49 90 9 61 57 27 35 46 98 59 97 3 95 93 28 73 1 11 10 8 85 5 69 67 100 47 75 21 25 30 81 65 56 38 26 62 70 39 53 20 80 71 32 76 91 12 99 29 7 94 66 4 74 89 87 58 83 6 15 33 64 14 13 41 77 36 92 17 63 82 78 42 2 24 16 48 31 51 45 18 19 96 55 23 88 22 79 40 44 Initial Path Cost: 59166.4
Final Path Cost: 26384.8
GRASP Iteration 10:
34 27 95 90 8 32 46 61 9 94 57 7 52 60 74 83 43 89 64 15 6 87 66 84 54 50 22 23 88 72 58 37 47 79 38 30 86 26 20 69 100 49 75 21 99 71 12 3 53 5 56 40 85 73 29 91 59 93 1 28 97 98 80 10 70 68 81 62 67 39 65 55 45 17 2 18 92 77 96 78 41 48 51 31 63 82 4 33 16 19 36 13 24 44 42 14 25 35 76 11 Initial Path Cost: 59140.1
Final Path Cost: 29683.1

Best Solution Found:
Path Cost: 26384.8

