Running: ./bin/tsp_constructive_heuristic ./tsp_input/EUC_2D/ 0
./bin/tsp_constructive_heuristic ./tsp_input/EUC_2D/ 0
Results for ./tsp_input/EUC_2D/st70.tsp:
GRASP Iteration 1:
1 31 36 58 50 37 51 12 52 33 60 34 17 43 9 21 41 6 18 7 8 42 3 68 30 44 32 49 26 55 28 4 2 57 15 19 24 66 63 59 23 22 53 10 5 38 70 69 16 29 13 47 65 11 67 54 62 56 48 64 39 40 61 45 25 46 27 20 14 35 Initial Path Cost: 1326.22
Final Path Cost: 809.477
GRASP Iteration 2:
1 13 63 69 38 31 23 53 66 22 47 16 10 52 51 50 5 6 4 42 32 19 7 8 14 20 3 44 30 68 41 17 9 61 45 46 39 40 62 12 60 54 34 21 43 33 48 11 56 64 65 37 58 29 35 59 15 57 2 26 49 28 18 24 36 70 67 27 25 55 Initial Path Cost: 1497.59
Final Path Cost: 809.344
GRASP Iteration 3:
1 69 23 66 38 59 47 36 63 22 5 52 12 33 51 48 65 50 16 53 18 42 3 6 41 4 2 19 7 26 32 68 30 27 9 45 25 46 44 8 28 55 49 20 14 40 61 39 43 17 34 21 10 37 58 60 11 54 56 67 64 62 57 15 24 35 70 29 13 31 Initial Path Cost: 1314.17
Final Path Cost: 841.233
GRASP Iteration 4:
1 29 69 13 31 70 66 53 6 41 18 32 26 55 49 3 20 8 2 7 24 63 38 23 59 57 15 42 44 14 30 17 9 61 34 21 54 48 11 65 56 60 67 33 62 39 25 46 40 27 45 12 51 50 10 5 52 37 58 47 16 22 35 36 4 19 28 43 68 64 Initial Path Cost: 1339.39
Final Path Cost: 902.346
GRASP Iteration 5:
1 70 63 13 35 15 57 2 4 6 43 9 68 27 25 46 39 61 40 21 17 34 33 62 54 65 11 67 51 58 50 60 12 41 3 30 20 14 44 42 18 7 26 8 49 19 24 31 36 38 16 29 23 59 66 53 10 37 52 56 48 5 47 22 69 32 28 55 45 64 Initial Path Cost: 1465.95
Final Path Cost: 875.423
GRASP Iteration 6:
1 23 66 57 2 7 6 4 18 32 42 3 26 28 49 14 8 41 43 44 30 20 46 61 25 45 27 17 40 68 9 39 62 60 51 12 10 58 16 13 36 38 69 22 59 29 35 31 70 63 53 50 52 33 11 67 48 56 54 34 21 5 37 47 15 24 19 55 65 64 Initial Path Cost: 1371.73
Final Path Cost: 848.41
GRASP Iteration 7:
1 38 47 37 50 65 54 11 33 12 10 51 48 60 21 17 34 61 39 27 40 45 46 25 9 68 41 4 3 18 6 42 28 30 14 8 55 49 32 44 20 19 2 26 7 24 15 57 35 22 63 31 29 59 23 13 70 36 16 58 52 53 5 66 69 56 67 62 43 64 Initial Path Cost: 1405.4
Final Path Cost: 853.898
GRASP Iteration 8:
1 69 59 38 36 58 37 51 56 65 10 60 21 34 54 67 33 48 12 43 17 42 18 2 32 7 24 57 63 15 22 53 5 50 47 23 70 35 13 16 29 31 66 6 41 9 46 45 61 39 27 40 68 30 14 28 49 26 19 55 20 3 8 44 4 52 11 62 25 64 Initial Path Cost: 1373.3
Final Path Cost: 842.308
GRASP Iteration 9:
1 37 47 53 58 5 50 56 48 54 11 33 51 52 10 60 12 34 17 43 9 44 20 8 28 7 3 6 42 2 32 68 30 27 25 39 62 21 45 46 40 61 41 18 4 26 55 19 49 14 63 31 38 29 36 13 35 22 69 66 23 16 70 59 15 57 24 65 67 64 Initial Path Cost: 1390.27
Final Path Cost: 859.336
GRASP Iteration 10:
1 69 22 13 23 47 53 50 52 58 5 60 21 34 43 6 42 32 19 26 4 18 3 30 20 44 68 61 39 46 40 17 41 9 25 27 14 28 55 49 2 24 63 31 38 66 59 57 15 29 36 37 10 56 48 62 33 12 54 51 65 67 11 64 16 70 35 7 8 45 Initial Path Cost: 1446.29
Final Path Cost: 879.959

Best Solution Found:
Path Cost: 809.344

Results for ./tsp_input/EUC_2D/pr144.tsp:
GRASP Iteration 1:
1 27 23 2 25 28 6 38 35 3 22 37 21 17 16 8 10 12 18 42 13 15 19 14 71 69 70 66 63 62 64 68 61 65 67 59 58 55 51 49 54 50 53 52 57 56 83 105 85 86 88 87 110 82 108 79 109 80 104 106 84 107 101 103 100 102 121 125 122 119 126 130 128 133 131 136 115 138 139 142 143 137 134 141 132 127 124 129 116 123 98 91 77 76 74 73 99 94 93 97 90 95 92 117 118 120 75 96 89 78 72 44 45 43 39 40 41 9 11 20 7 47 48 46 60 26 5 24 4 30 34 32 31 33 29 36 81 114 113 112 111 144 140 135 Initial Path Cost: 173187
Final Path Cost: 92236.3
GRASP Iteration 2:
1 26 3 28 31 32 35 22 23 38 25 37 21 42 20 15 12 17 13 10 11 40 18 19 39 48 47 58 55 50 52 49 56 51 57 53 54 83 105 106 108 86 111 84 110 87 79 82 80 109 85 112 113 114 107 103 100 99 96 93 74 73 78 90 76 94 75 97 98 77 95 92 89 65 69 70 67 62 63 66 64 68 61 71 45 43 44 72 14 7 9 8 16 41 36 29 5 27 30 6 4 33 2 34 60 59 46 88 102 101 81 104 136 132 135 143 139 138 137 133 115 131 134 128 130 126 125 119 117 118 127 123 124 129 121 116 122 120 91 140 144 141 142 24 Initial Path Cost: 172449
Final Path Cost: 95016.9
GRASP Iteration 3:
1 36 34 33 24 39 18 21 16 12 19 38 37 23 5 25 35 26 29 22 10 9 17 15 13 20 11 8 40 48 58 49 55 54 50 53 52 56 57 59 47 46 60 87 107 81 88 84 110 113 112 86 108 105 79 83 106 103 102 100 90 94 75 73 89 78 74 99 97 76 98 91 96 92 77 70 67 62 63 64 69 65 61 66 68 43 45 72 71 44 95 93 119 116 122 127 118 120 124 130 131 140 141 143 133 115 137 136 144 132 139 134 138 135 142 85 109 82 104 111 114 51 28 3 27 6 30 2 4 31 32 7 42 14 41 101 129 126 123 125 128 121 117 80 Initial Path Cost: 186793
Final Path Cost: 111246
GRASP Iteration 4:
1 30 26 25 23 2 31 29 3 6 4 27 32 36 35 34 33 56 52 50 53 58 48 47 60 46 59 82 79 83 104 107 88 105 109 80 106 110 84 86 81 85 114 113 112 111 139 137 141 143 131 128 123 116 122 124 117 127 115 132 126 129 133 134 101 103 100 102 78 73 89 91 76 94 74 95 77 98 92 96 97 90 75 99 93 61 65 63 70 68 69 62 64 67 66 72 44 43 71 45 15 12 17 13 19 37 39 20 21 7 16 18 38 24 5 22 10 11 40 8 42 41 14 9 28 54 57 55 49 51 87 108 142 135 136 140 144 138 130 121 125 120 119 118 Initial Path Cost: 178371
Final Path Cost: 87841.3
GRASP Iteration 5:
1 32 2 28 35 25 27 5 6 30 36 39 37 38 40 18 9 19 20 21 10 17 13 15 16 42 7 12 8 22 29 24 3 23 47 48 60 58 50 53 52 54 56 49 57 55 51 31 33 26 4 46 59 81 84 104 86 79 87 108 82 85 110 88 101 103 100 99 73 98 90 96 77 97 93 91 78 75 92 95 94 76 89 74 61 70 69 65 67 64 66 68 63 62 41 43 45 71 72 44 14 11 34 111 114 113 112 80 106 105 83 107 109 115 134 133 131 132 136 138 141 135 142 143 144 139 140 137 102 124 121 123 122 126 128 130 125 129 127 119 120 118 117 116 Initial Path Cost: 156885
Final Path Cost: 91026.5
GRASP Iteration 6:
1 30 23 28 36 26 4 29 24 38 35 3 2 27 6 5 32 34 31 33 57 58 56 55 51 50 49 52 53 54 25 22 18 10 41 9 39 20 37 19 11 21 8 7 15 14 16 42 40 70 66 68 64 69 43 45 67 61 65 62 63 44 72 71 77 95 92 94 96 98 75 99 90 93 73 97 76 89 74 78 102 101 88 87 83 107 106 110 86 108 84 85 104 105 109 81 80 79 82 48 60 46 47 59 103 100 131 136 144 133 115 128 122 118 125 126 116 123 120 121 124 119 127 117 129 130 132 135 140 143 138 134 139 137 141 142 111 114 112 113 91 17 12 13 Initial Path Cost: 174826
Final Path Cost: 76499.5
GRASP Iteration 7:
1 33 29 31 30 32 28 4 3 34 23 27 36 2 6 26 38 24 5 37 40 17 20 15 11 41 18 8 39 60 48 58 55 56 51 49 52 50 54 53 57 46 47 59 69 67 61 70 44 71 43 66 65 68 45 72 74 73 95 78 76 77 98 89 93 75 97 90 96 92 99 94 91 62 63 64 102 87 79 109 88 82 83 104 81 107 105 86 113 112 84 106 85 80 108 111 110 115 139 134 135 138 142 136 144 140 131 137 132 130 126 127 125 120 118 121 128 133 101 103 100 129 123 122 116 117 124 119 143 141 114 25 35 22 21 42 16 19 9 12 10 7 13 14 Initial Path Cost: 185535
Final Path Cost: 88559.9
GRASP Iteration 8:
1 4 27 25 37 35 29 28 22 24 39 19 14 10 13 18 15 40 7 21 8 9 11 16 20 17 38 26 6 23 46 47 48 58 51 54 53 50 49 55 57 52 56 79 86 87 85 82 88 101 103 105 106 104 108 109 111 84 80 81 110 107 113 112 114 143 137 132 141 138 131 134 115 135 133 140 144 136 142 139 121 123 126 129 130 128 127 124 117 125 116 120 119 122 93 76 98 91 94 99 74 96 78 97 95 100 102 83 60 59 36 30 3 34 33 2 32 31 5 69 67 62 63 64 61 68 70 66 65 45 43 71 44 72 42 12 41 73 89 90 77 75 92 118 Initial Path Cost: 180848
Final Path Cost: 91917.5
GRASP Iteration 9:
1 25 22 27 30 26 3 23 2 4 5 35 34 31 29 33 28 38 21 13 15 9 8 37 39 40 63 69 68 62 64 61 70 66 67 65 75 94 98 92 77 90 74 73 95 97 91 89 100 103 104 81 110 82 108 88 79 86 113 112 84 107 106 83 80 87 109 111 85 105 133 137 138 136 115 130 124 127 131 139 135 134 128 125 121 117 120 129 123 122 118 116 119 126 132 101 102 76 96 99 93 78 43 44 71 45 72 19 20 10 7 41 14 17 12 16 42 18 11 46 48 47 60 59 54 55 58 49 52 51 50 53 56 57 24 36 32 6 114 144 143 142 141 140 Initial Path Cost: 181980
Final Path Cost: 101735
GRASP Iteration 10:
1 30 22 24 25 6 5 23 37 39 40 42 9 21 16 12 10 17 13 19 8 11 14 20 41 38 63 65 66 67 62 70 45 68 61 64 69 74 89 76 73 92 97 78 93 99 95 75 94 91 90 96 77 103 102 87 107 84 106 108 85 88 110 104 109 81 86 111 113 112 114 140 137 135 136 115 133 127 119 121 117 123 128 130 122 124 125 120 116 129 131 138 142 141 132 139 134 101 100 126 98 105 79 80 82 83 46 47 59 48 60 55 52 57 51 53 58 56 54 50 49 28 32 35 2 3 4 34 31 33 27 29 26 36 15 18 72 43 44 71 7 118 143 144 Initial Path Cost: 188661
Final Path Cost: 108145

Best Solution Found:
Path Cost: 76499.5

Results for ./tsp_input/EUC_2D/pr107.tsp:
GRASP Iteration 1:
1 10 20 15 28 13 21 16 4 14 22 34 27 36 45 53 44 38 47 51 42 40 46 52 48 33 39 54 41 31 19 35 23 30 17 11 12 3 6 9 5 7 24 18 29 37 49 43 32 25 26 2 8 50 99 104 106 101 55 102 95 89 84 87 81 85 90 93 97 100 94 103 105 107 57 91 92 88 86 82 60 80 77 71 63 70 64 67 74 75 72 61 78 83 79 59 58 96 56 98 76 73 62 69 68 65 66 Initial Path Cost: 122770
Final Path Cost: 64707
GRASP Iteration 2:
1 14 24 20 10 3 8 4 16 5 15 18 11 21 33 43 44 42 45 53 47 37 30 28 19 31 34 27 40 41 35 32 26 17 13 12 22 36 29 25 9 23 2 6 7 48 46 52 54 39 50 51 49 38 101 94 98 97 96 93 58 57 103 100 104 55 106 99 56 95 102 107 105 91 89 86 85 82 84 79 80 78 75 74 73 70 66 63 69 64 65 72 71 62 68 67 61 77 76 83 81 60 59 87 88 90 92 Initial Path Cost: 106312
Final Path Cost: 57735.8
GRASP Iteration 3:
1 3 13 12 22 26 14 18 17 27 42 37 34 41 48 44 43 49 40 33 19 11 15 5 4 21 8 7 24 23 31 30 35 39 51 47 45 32 28 38 52 50 46 36 29 25 16 10 2 6 9 20 54 53 94 58 89 88 87 86 85 59 60 79 77 81 61 70 72 62 71 65 69 80 75 76 74 63 68 64 73 67 66 78 83 82 84 92 93 91 90 57 96 97 95 98 103 100 99 102 101 56 104 106 107 105 55 Initial Path Cost: 105619
Final Path Cost: 62487.4
GRASP Iteration 4:
1 17 5 10 3 9 6 20 36 48 33 32 31 29 22 27 39 43 34 23 13 14 18 16 25 21 28 19 8 12 15 24 30 26 38 42 46 53 41 52 37 44 45 47 35 49 50 54 40 51 11 2 4 7 62 71 73 66 65 63 61 78 77 79 86 82 59 60 88 83 80 74 69 64 68 70 76 72 67 75 81 87 84 85 93 92 90 89 91 58 94 95 98 97 96 57 101 56 102 103 100 99 104 106 55 107 105 Initial Path Cost: 108681
Final Path Cost: 61961.3
GRASP Iteration 5:
1 4 3 7 5 18 28 16 8 11 21 22 32 24 25 35 33 27 31 37 34 45 38 47 53 48 36 41 39 50 43 51 49 52 54 40 30 14 13 2 9 10 17 15 20 23 29 42 46 44 26 12 6 19 61 71 72 62 73 66 69 78 82 59 88 85 87 83 79 86 60 77 76 74 81 80 75 84 58 95 57 92 93 90 98 94 56 99 102 105 55 103 106 100 107 104 97 96 91 89 101 70 63 64 67 68 65 Initial Path Cost: 109247
Final Path Cost: 60283.9
GRASP Iteration 6:
1 4 3 6 7 2 10 9 23 33 38 44 39 25 36 34 48 50 45 52 41 31 30 32 24 14 28 40 35 42 54 46 49 37 21 19 18 5 16 22 11 12 13 8 20 17 29 15 26 27 51 43 47 53 105 97 58 94 92 86 90 91 93 98 103 95 102 56 57 101 96 99 55 106 107 100 89 59 82 85 84 79 77 74 83 81 76 60 78 70 64 65 68 67 66 71 73 69 75 63 72 61 80 87 88 62 104 Initial Path Cost: 120551
Final Path Cost: 58424.3
GRASP Iteration 7:
1 8 14 13 5 11 4 16 18 30 40 52 54 53 38 43 46 42 25 20 24 9 17 21 12 23 26 19 10 2 3 6 22 31 44 36 37 41 47 35 45 32 27 33 48 50 39 34 15 7 29 28 49 51 104 103 97 93 87 86 59 58 94 102 95 99 106 105 107 56 57 96 101 98 89 90 91 88 83 60 82 75 78 70 64 65 72 73 66 74 69 62 79 80 81 84 85 76 61 77 71 68 67 63 92 100 55 Initial Path Cost: 122026
Final Path Cost: 65165.3
GRASP Iteration 8:
1 10 8 4 6 20 35 29 38 51 41 48 33 23 9 22 26 16 13 27 37 25 36 46 45 54 40 44 43 34 39 42 28 19 17 7 21 12 15 3 14 24 18 30 32 31 52 50 47 49 53 5 2 11 61 72 74 78 82 87 85 83 75 80 59 84 79 81 76 60 88 86 90 95 57 94 103 98 102 106 55 101 107 105 56 99 104 96 97 92 89 93 58 91 100 77 71 69 70 73 62 66 67 68 65 64 63 Initial Path Cost: 117986
Final Path Cost: 67623.2
GRASP Iteration 9:
1 7 6 9 12 13 3 11 23 14 24 18 26 17 22 32 35 40 46 34 47 51 38 53 39 31 25 30 16 20 19 36 33 43 48 50 52 49 41 44 45 42 29 15 8 5 4 21 37 54 28 27 10 2 63 70 74 69 77 75 81 61 73 68 65 66 64 72 62 76 78 85 83 82 84 80 86 60 79 59 90 91 89 58 96 94 103 97 100 102 107 105 106 101 55 56 99 92 93 87 88 95 98 57 104 71 67 Initial Path Cost: 117194
Final Path Cost: 56249.4
GRASP Iteration 10:
1 8 21 14 25 29 27 18 19 13 24 30 39 37 34 23 16 11 6 17 7 5 2 20 36 44 42 28 31 35 41 50 38 54 40 46 48 32 33 51 52 43 49 45 53 47 26 22 4 12 9 10 3 15 84 59 81 88 86 85 60 77 82 87 80 61 70 66 75 76 62 72 65 69 64 67 74 78 71 68 73 63 83 79 91 92 58 93 90 89 96 98 97 95 94 57 101 102 99 100 103 56 104 106 55 107 105 Initial Path Cost: 111001
Final Path Cost: 60834.5

Best Solution Found:
Path Cost: 56249.4

Results for ./tsp_input/EUC_2D/kroB100.tsp:
GRASP Iteration 1:
1 10 3 32 59 97 99 85 53 5 30 86 49 79 80 9 34 25 20 37 72 88 22 23 77 96 45 63 31 82 42 4 6 14 16 78 44 24 2 64 50 43 74 94 60 84 57 52 89 7 54 55 17 18 19 92 36 41 13 33 51 83 15 48 87 58 38 46 27 12 98 90 95 29 91 11 28 76 8 21 71 61 35 66 47 81 69 100 56 26 75 62 68 40 70 39 67 73 93 65 Initial Path Cost: 51178.3
Final Path Cost: 29293.7
GRASP Iteration 2:
1 99 59 71 9 38 49 56 5 100 80 46 72 58 7 52 43 74 84 60 89 6 42 14 83 50 88 23 55 16 13 77 18 96 44 2 33 4 82 78 64 31 48 17 41 45 92 36 19 24 22 37 54 20 81 79 86 75 65 30 69 26 40 53 68 85 10 25 35 94 57 34 12 98 61 27 66 87 15 51 63 47 62 67 39 70 73 93 11 3 91 28 97 8 76 29 32 95 90 21 Initial Path Cost: 48275.2
Final Path Cost: 28980.1
GRASP Iteration 3:
1 86 49 37 20 100 62 67 53 69 10 26 65 81 80 90 34 72 46 98 95 3 93 8 91 59 32 97 11 28 85 40 39 68 56 79 47 88 54 7 74 43 60 58 52 50 23 22 55 89 84 27 57 25 12 29 99 21 38 75 30 71 9 94 87 33 83 66 61 35 4 14 16 64 48 82 2 92 24 77 42 17 44 13 31 45 41 19 36 78 96 63 18 6 15 51 76 73 70 5 Initial Path Cost: 57703.7
Final Path Cost: 30389
GRASP Iteration 4:
1 97 12 27 57 35 71 61 25 34 46 80 30 75 90 98 95 11 29 3 91 28 99 32 59 8 21 85 70 49 38 100 69 81 20 37 54 72 47 79 86 10 40 39 68 65 58 7 74 66 94 52 60 89 50 78 42 83 33 14 2 24 23 88 55 16 82 15 63 13 92 96 77 36 41 45 19 17 64 31 51 6 4 87 84 43 18 22 9 62 26 5 53 93 76 73 67 56 44 48 Initial Path Cost: 59300.2
Final Path Cost: 29196.4
GRASP Iteration 5:
1 38 9 21 90 10 68 39 70 5 80 65 56 81 79 37 20 49 86 53 62 75 30 26 40 11 76 99 59 32 98 91 97 8 85 73 69 47 72 52 84 54 50 43 74 89 58 7 27 94 35 61 95 3 71 29 28 93 67 100 46 25 12 34 57 60 87 83 6 33 4 15 64 42 63 2 14 16 77 18 45 36 92 17 78 41 13 48 82 31 51 96 24 19 44 23 88 22 55 66 Initial Path Cost: 48807.5
Final Path Cost: 30346.8
GRASP Iteration 6:
1 8 95 25 27 61 9 94 58 34 54 7 60 84 43 83 14 89 66 87 64 82 6 42 77 24 23 22 55 16 63 2 31 78 19 45 41 44 36 13 17 48 51 4 33 15 74 35 32 11 98 76 59 29 99 90 49 69 10 70 53 62 5 67 40 30 20 72 37 80 79 65 75 100 56 26 21 85 91 3 73 86 68 71 57 46 38 47 81 88 18 92 96 52 50 12 97 28 93 39 Initial Path Cost: 54446.5
Final Path Cost: 29765.3
GRASP Iteration 7:
1 59 95 29 98 71 46 27 34 61 57 52 58 60 7 84 72 20 100 56 80 81 62 5 75 10 3 28 93 53 68 12 97 91 85 8 11 99 90 25 21 69 86 30 65 49 39 67 70 40 73 32 35 74 87 6 64 4 83 89 50 24 18 19 78 42 82 31 48 15 33 2 17 41 44 45 77 55 43 14 16 13 96 36 92 23 88 22 47 37 79 26 38 9 94 54 66 63 51 76 Initial Path Cost: 55368.9
Final Path Cost: 30517.7
GRASP Iteration 8:
1 49 80 65 30 72 7 57 58 54 52 37 81 26 79 47 75 46 98 97 8 11 93 29 59 71 32 76 3 21 12 10 39 69 5 62 38 86 100 68 90 27 95 73 91 85 67 53 40 56 25 61 35 94 87 60 43 83 64 48 63 17 78 45 96 19 41 36 92 16 13 31 2 33 4 66 6 15 89 82 50 84 74 34 20 9 28 99 70 55 22 23 88 77 24 18 14 42 51 44 Initial Path Cost: 59255.5
Final Path Cost: 30901.7
GRASP Iteration 9:
1 97 11 76 32 21 71 12 34 54 58 57 61 35 94 25 27 46 20 80 37 65 47 30 38 10 90 59 8 91 73 85 29 98 9 7 52 50 88 55 89 64 4 83 33 31 82 77 2 41 44 17 24 19 36 92 16 63 45 78 18 42 48 15 87 43 74 66 84 60 14 6 51 13 96 23 22 81 56 79 100 62 69 86 49 75 26 68 40 67 39 53 70 5 3 28 93 99 95 72 Initial Path Cost: 52338.2
Final Path Cost: 30132.2
GRASP Iteration 10:
1 49 25 20 26 67 10 38 46 12 27 90 21 69 81 80 79 72 84 60 57 52 58 54 7 43 50 14 63 15 51 33 48 78 96 13 31 82 83 89 64 87 74 61 35 32 98 76 95 91 85 68 75 30 5 40 86 34 94 71 9 8 11 3 29 28 59 97 99 93 53 39 62 56 100 47 37 65 23 88 55 16 36 19 18 41 45 77 42 17 92 44 22 24 2 6 66 4 73 70 Initial Path Cost: 56888
Final Path Cost: 30602.8

Best Solution Found:
Path Cost: 28980.1

